165301
159806
214192
440998
141306
304685
328945
280955
394364
408292
212325
305891
236419
185054
264723
102487
424281
214407
278031
267953
261028
107010
1626877
499559
285596
312189
433605
881082
206880
314988
301197
445361
245264
170621
91925
120703
588305
274354
89327
111464
84565
78137
1486957
265456
366053
371470
125073
181334
50521
412521
17717
14679
12312
66201
15742
34355
20537
36933
10048
9499
14325
12768
21858
10136
14675
15238
15063
19791
14728
36601
7878
36772
14399
27537
54205
11797
13061
14398
57155
27973
43112
19649
14012
24896
24006
18075
13359
38869
16175
22016
10529
19148
162606
6854
14537
25621
7019
26939
10528
26571
8226
20643
6030
21864
14796
13112
7991
16129
19772
11684
38777
5833
7242
15338
16425
24705
33281
51896
28170
26225
16453
12552
51928
12366
20883
12464
21646
21519
34730
13511
10052
13936
35660
19576
11142
27719
19716
13179
10896
31641
13798
21079
98931
18046
24972
14452
9307
6960
16580
16201
13210
4993
22799
23894
38408
4662
14440
18098
61373
20159
25461
14773
48467
12896
8386
6136
16112
10936
11862
41463
16898
15345
9464
16430
4836
10274
10810
13959
15783
10536
10261
44974
12790
10680
14305
8747
7748
9835
28586
102865
25734
20363
4482
8714
6256
93601
13814
11819
27531
14401
10817
47322
8694
9076
9426
36043
11532
17079
38909
4881
48759
12111
9795
13201
11016
16668
27661
19335
14585
15469
15751
17856
21002
43217
7322
11972
12818
7002
17922
5416
13207
30891
8327
3261
8953
8667
9067
15876
21835
18183
8286
11565
10750
8056
23968
9029
24898
7522
12053
15364
9362
18918
8439
58372
7489
31887
7341
9966
18233
7912
15541
6428
8734
11704
12366
8491
8324
14513
20613
5557
9425
84506
8314
7093
11394
21260
16944
34932
23803
25501
7084
7160
12900
12388
12644
47101
9267
10501
8069
5364
2783
5488
7846
6673
8872
7755
8753
20018
6489
29540
22266
18575
20401
8150
35671
5997
23003
12661
5066
5200
6739
13772
12741
12466
6527
13458
8414
7032
16038
13943
6191
6029
4565
3127
5302
5490
5714
14975
5280
6274
13850
6185
8550
10217
5937
6971
6301
52018
7879
8560
6160
25211
7611
9630
4603
8635
6301
13324
12031
17098
6901
26289
5335
10151
31422
3437
6252
8497
46667
6254
11270
7587
27004
5276
9225
1813
2168
4284
4922
13157
9965
4111
4524
9313
15514
5403
19473
6527
6744
5365
5783
4718
9890
2106
17496
14551
10001
10132
13345
21999
7221
5173
9779
7024
5937
9393
10393
5444
11170
19531
2966
6829
11885
13896
5193
6625
13771
3832
5660
8703
6923
5819
2896
4029
5251
10257
6712
5046
13298
4181
16595
17823
5238
17907
9451
30448
2783
7846
2659
2928
10121
5061
8567
2318
10845
9370
11261
8484
4332
2115
4546
5375
8947
3616
3482
32488
7849
5057
5464
29195
6710
4373
4217
8767
50829
4824
3596
7866
1963
3729
4297
15702
3439
9646
8623
11885
4273
9474
18675
20562
13651
6151
3905
8056
5917
8399
13779
7273
11885
5258
9145
16670
8717
3341
5451
6059
11788
24238
2632
3192
7919
11364
9279
2604
4028
4567
4316
5032
22562
37131
8355
2607
10518
7578
6099
9702
6779
3945
3338
23630
710
23503
10381
3805
6994
2155
9946
5384
9505
12123
8945
3920
4309
15453
7540
9467
8239
16540
3701
3168
5274
4411
3737
5279
67552
8216
8747
3536
7912
4540
5394
6084
3682
2062
2933
1822
6239
5851
13942
21749
156820
529290
158807
208084
147273
110462
88603
52728
181429
213267
131611
75673
77085
312901
181670
211121
155931
28202
90219
136951
262661
97098
168093
68881
136133
201079
106400
173321
64300
45454
83739
139096
56781
42729
137669
102708
164038
288820
485121
59124
236805
140967
116466
77813
54672
409646
98313
56044
127004
45547
13978
6572
5626
3937
9030
9004
14308
1677
3373
12917
5522
30374
8825
7096
9933
6061
15770
11008
13940
17421
13988
6937
4931
3374
12868
31148
12991
3422
4557
11532
2891
6849
3825
3400
13018
2158
4185
11241
2185
15387
8417
6723
10095
18572
6494
8232
9909
2832
4242
3298
4474
3708
8294
5554
5712
6065
11298
8573
9419
4863
24898
8640
3457
2908
1611
1932
3193
7910
4813
7069
12613
5597
8863
5595
7135
5114
9167
4113
3988
3957
9298
4177
9559
8883
26815
7036
6347
19862
9601
3038
4026
4688
62503
4014
5036
5489
3048
4620
6308
47089
4088
2972
6811
4958
5107
6339
2468
5423
15169
7742
3129
3073
8182
3242
3238
7182
4392
27901
2583
3116
2510
3132
12782
4629
22208
3510
3701
2784
7884
2552
6965
8167
5721
1843
2496
2610
3817
3683
4008
3644
1626
9864
2675
1786
2653
3987
7510
955
13134
230771
4765
17834
15819
2578
4838
8217
6650
8401
1533
7497
5676
1748
7620
5130
11465
10812
1026
15760
4051
10946
18688
3866
7243
5251
3786
12042
4124
1601
3362
2945
3328
4175
2073
2052
2484
7981
2484
4236
4222
10210
5403
8822
4436
12909
5574
3238
5441
7701
3531
10740
1283
1100
3036
2741
2907
3771
4394
6159
5027
2504
5323
1456
4016
22446
2560
5933
5975
2700
4474
5278
5111
3423
5126
3038
1223
7858
1064
2761
4505
2923
2046
4968
5700
4091
6109
6567
2085
2501
12770
18231
2138
6629
2479
3176
1971
1133
3991
1742
9947
2197
3127
2184
2228
9412
3974
4501
700
13185
3168
1437
1920
4976
3157
2599
13759
1885
2968
2354
1903
3604
1443
3916
2877
2838
8875
3684
13101
7860
2160
1132
5564
5968
2255
12641
3127
593
2593
2557
2758
2563
1254
8729
5701
7029
5273
5429
4147
2638
5419
4570
3760
10169
25912
3751
3482
2470
3520
4909
6151
3885
2795
3187
5591
1747
3145
1325
5320
5885
4012
6151
1717
10069
2547
2348
2296
5863
1764
2562
4891
1982
4825
2075
5215
2465
3970
3389
4593
1867
2585
5026
12475
2833
1459
3910
63989
3700
4027
2378
1865
6859
6602
2826
2377
1279
6773
3431
2950
2200
3748
2478
1929
10808
3310
1774
2357
1695
8793
18737
2991
4457
2586
6008
1876
1790
1912
827
1253
4968
2349
13253
6096
971
1257
3364
1683
5722
1832
6549
1138
2935
1092
1653
11023
2404
4927
4051
1888
1238
4750
2575
1235
1589
26650
6470
4485
3047
5650
1512
1499
1121
5954
2663
3684
2106
1926
33980
1540
5919
1890
2062
4272
2454
3344
4229
7022
3189
2313
8150
1627
3991
6564
1956
3003
3998
1414
3563
1976
3282
1872
1558
2520
7011
5086
28251
2451
2395
2679
2677
2112
5508
1336
3966
6685
1085
1662
2482
2241
1621
21644
1659
3874
2368
1678
1629
1444
5245
3120
1272
3282
14511
2371
4850
1945
2503
3903
6638
1297
1854
1716
4394
3480
1821
1143
2497
3418
2112
2860
1288
1175
5213
1489
2891
3205
2505
864
4526
1684
725
3896
1778
128010
93838
148108
230496
92464
208103
71142
1121214
159951
566827
193552
48276
76717
115857
92326
353950
45474
65165
96174
278210
48362
89691
77092
73052
31923
39220
92755
184501
38501
132550
224772
49119
87970
53663
122009
127543
170401
503990
87119
79112
56588
58369
63753
57334
83942
63059
78971
48267
72044
175634
28374
101430
78295
62290
965211
239148
86210
52752
140574
117418
68838
61190
75015
85309
227576
170125
56176
234948
81558
122429
63158
29273
65251
63579
62937
61044
61371
78590
286872
26716
60378
78535
47909
27151
29536
295759
27601
45863
23431
43330
201644
90955
92754
68442
65809
54431
26120
21266
26292
40294
54189
68169
89548
109135
42986
29055
55717
103097
131573
53495
50123
59501
40489
50873
43572
81873
101120
70976
3768
49983
30598
36203
152090
65281
65164
19374
36845
53815
39179
59040
60505
20281
25210
102601
31040
91066
28566
141042
31996
32997
45552
61267
53902
45670
38592
110431
22704
19951
58289
16607
42561
29781
51830
60295
74201
84001
25340
27593
16684
27672
77805
62204
23879
40273
30388
79652
54936
77537
40391
49713
58817
95537
28142
147247
32024
75464
35849
207970
43439
133629
167800
37722
22152
49027
30539
102445
56528
41175
26133
44588
2085116
21930
25263
123654
54751
25529
23256
23653
31955
22804
584912
25078
34212
38313
10037
24828
78706
31582
28820
38369
33315
55920
27493
31112
142590
40789
35401
28946
30891
12254
27141
10425
23463
10192
124989
49053
31478
29556
41154
47876
25198
26748
32914
29511
72520
13360
113539
49851
36535
24841
49828
25090
29898
50514
25933
12497
32781
14341
16987
41711
51499
33261
38551
17668
16881
62742
31466
57593
42078
57981
17777
36906
51018
29327
46699
14834
15320
28789
40360
274957
16799
22206
27902
21187
26401
16983
25696
23369
9512
36871
40648
61398
28877
34405
56045
14297
26791
9548
19741
17974
36336
24560
19170
18046
16012
20166
10073
37184
37602
20806
24230
17722
19088
30739148
9654
18409
33358
9658
17794
20589
46318
64646
12476
5701
20555
18389
43904
28250
18161
30163
29429
16585
46368
17529
36003
53376
16009
22552
74350
23699
43880
41551
6298
10749
20320
10531
18451
19943
29571
9637
11698
17701
32764
16403
42250
25372
13623
50062
29455
20598
15517278
11905198
16704850
8693478
1785028
4043850
3300623
9877443
4784609
2294915
2338262
925123
1057697
734722
1582696
612576
5709407
1032731
1606175
1230011
2514219
422985
1381487
369330
1602797
2023964
632326
3946801
517447
335093
449407
188513
171817
540801
415122
349091
1369698
520841
469162
456707
174510
401030
1448054
456555
600124
452146
2640903
501474
156339
544144
