99.99
59.99
49.99
19.99
59.99
29.99
29.99
29.99
29.99
29.99
49.99
24.99
29.99
35.01
29.99
59.99
19.99
29.99
24.99
24.99
24.99
49.99
0
12.99
19.99
17.99
0
0
24.99
14.99
24.99
17.99
19.99
29.99
49.99
32.99
9.99
20.99
49.99
34.99
44.99
49.99
2.99
13.99
12.99
19.99
29.99
19.99
69.99
10.99
17.99
19.99
24.99
4.99
19.99
8.99
0
9.99
29.99
29.99
21.99
13.99
19.99
29.99
24.99
19.99
19.99
14.99
19.99
9.99
39.99
7.99
19.99
9.99
4.99
24.99
0
19.99
4.99
15.99
5.99
14.99
19.99
11.99
11.99
14.99
19.99
6.99
16.99
12.99
24.99
14.99
0
49.99
19.99
14.99
39.99
9.99
24.99
13.99
39.99
14.99
39.99
11.99
13.99
19.99
29.99
14.99
12.99
29.99
8.99
39.99
32
19.99
15.99
9.99
6.99
0
7.99
7.99
14.99
19.99
4.99
19.99
9.99
19.99
10.99
10.99
11.99
17.99
19.99
17.99
0
11.99
19.99
7.99
11.99
18.99
18.99
0
16.99
11.99
9.99
11.99
9.99
19.99
24.99
34.99
12.99
12.99
17.99
39.99
9.99
8.99
5.99
49.99
14.99
11.99
5.99
9.99
9.99
14.99
3.99
17.99
24.99
34.99
14.99
19.99
19.99
4.99
11.99
14.99
19.99
13.99
39.99
19.99
19.99
14.99
12.99
19.99
19.99
5.99
14.99
19.99
14.99
24.99
22.99
19.99
6.99
0
6.99
9.99
39.99
19.99
29.99
1.99
19.99
14.99
9.99
0
18.99
3.99
18.99
19.99
19.99
4.99
14.99
10.99
5.99
0
4.99
14.99
18.35
12.99
14.99
14.99
5.99
9.99
15.99
11.99
10.99
9.99
7.99
0
21.99
14.99
14.99
24.99
8.99
29.99
11.99
4.99
19.99
49.99
19.99
16.99
17.99
9.99
6.99
9.25
21.99
14.99
17.9
19.99
5.99
17.99
5.99
19.99
12.99
9.99
14.99
7.99
19.99
4.99
19.99
4.99
19.99
15.99
9.99
29.99
8.99
24.99
0
12.99
19.99
16.99
24.99
9.99
6.99
24.99
14.99
1.99
19.99
19.99
12.49
8.99
7.99
3.99
6.99
4.99
19.99
19.99
13.99
10.99
11.99
4.99
14.99
12.99
17.99
24.99
49.99
29.99
17.99
19.99
15.99
16.99
15.99
6.5
19.99
4.99
7.99
6.99
6.99
15.99
0
19.99
5.49
9.99
24.99
24.99
19.99
9.99
9.99
10.99
19.99
9.99
14.99
19.99
7.99
8.99
24.99
19.99
39.99
39.99
24.99
24.99
24.99
7.99
24.99
19.99
8.99
19.99
13.99
11.99
19.99
19.99
19.99
3.99
14.99
16.99
19.99
7.99
14.99
14.99
24.99
14.99
18.99
9.99
9.99
6.99
15.99
3.99
19.99
10.99
0
29.99
19.99
12.99
0
17.99
12.99
14.99
4.99
19.99
12.99
54.99
49.99
24.99
19.99
14.99
14.99
29.99
24.99
14.99
6.99
19.99
4.99
15.99
13.99
19.99
17.99
24.99
0
44.99
5.99
6.99
9.99
9.99
9.99
6.99
14.99
19.99
11.99
14.99
19.99
9.99
9.99
19.99
7.99
6.99
29.99
17.99
9.99
6.99
20
14.99
6.99
24.99
19.99
12.99
13.99
14.99
29.99
24.99
19.99
12.99
14.99
19.99
6.99
24.99
0
4.99
17.99
4.99
9.99
2.99
29.99
11.99
34.99
29.99
9.99
17.99
9.99
59.99
9.99
9.99
9.99
10.99
19.99
39.99
17.99
19.99
9.99
24.99
24.99
2.99
12.99
24.99
0
2.99
14.99
19.99
19.99
9.99
2.99
19.99
24.99
11.99
39.99
29.99
19.99
4.99
24.99
14.99
9.99
9.99
19.99
11.99
4.99
4.99
5.99
14.99
23.99
14.99
16.99
9.99
6.99
11.99
9.99
14.99
8.99
4.99
9.99
24.99
14.99
14.99
6.99
3.5
29.99
24.99
14.99
6.99
9.99
29.99
19.99
15.99
19.99
19.99
3.49
0
9.99
19.99
9.99
9.99
12.99
7.99
12.49
19.99
24.99
3.99
0
2.99
12.99
19.99
9.99
34.99
7
14.99
6.99
5.99
8.99
19.99
19.99
4.99
9.99
7.99
9.99
0
19.99
24.99
14.99
16.99
19.99
13.99
0
8.99
9.99
19.99
14.99
15.99
14.99
14.99
19.99
34.99
24.99
39.99
12.99
11.99
4.99
2.99
29.99
0
29.99
24.99
24.99
29.99
54.99
59.99
17.99
14.99
24.99
39.99
39.99
11.99
19.99
14.99
19.99
0
34.99
24.99
14.99
29.99
0
39.99
19.99
19.99
29.99
14.99
39.99
59.99
29.99
24.99
49.99
59.99
0
24.99
19.99
14.99
4.99
39.99
0
29.99
24.99
29.99
39.99
6.99
27.99
69.99
19.99
59.99
4.99
10.99
12.99
19.99
7.99
8.99
4.99
39.99
19.99
4.99
12.99
4.99
7.99
9.99
7.99
11.99
0
8.99
4.99
3.99
4.99
9.99
14.99
29.99
6.99
2.99
5.99
19.99
19.99
5.99
24.99
9.99
19.99
19.99
9.99
29.99
14.99
7.99
29.99
3.99
7.99
12.99
6.99
4.99
9.99
9.99
6.99
22.99
14.99
19.99
14.99
19.99
9.99
11.99
12.45
11.99
5.99
7.99
6.99
14.99
2.99
9.99
19.99
24.99
39.99
29.99
19.99
7.99
13.99
8.99
4.99
12.99
9.99
11.99
9.99
12
9.99
15.99
15.99
14.99
6.99
14.99
8.99
6.99
0
7.99
9.99
0
6.99
19.99
17.99
12.99
0
15.99
12.99
11.99
19.99
14.99
9.99
1.99
14.99
19.99
9.99
11.99
12.99
9.99
24.99
10.99
4.99
6.99
24.99
19.99
6.99
19.99
19.99
9.99
14.99
2
19.99
19.99
24.99
17.99
4.99
14.99
2.99
14.99
15.99
19.99
6.99
24.99
11.99
6.99
9.99
29.99
19.99
19.99
14.99
19.99
14.99
14.99
29.99
5.99
19.99
29.99
19.99
14.99
6.99
49.99
3.99
0
12.99
2.99
2.99
19.99
11.99
7.99
9.99
9.99
34.99
9.99
9.99
29.99
7.99
9.99
4.99
4.99
49.99
2.99
34.99
5.99
0
13.99
6.99
9.99
14.99
3.99
12.99
34.99
14.99
16.99
14.99
12.99
24.99
24.99
19.99
8.99
17.99
12.99
14.99
4.99
9.99
5.99
10.99
0
9.99
15.99
8.99
0
12.99
4.99
39.99
39.99
24.99
19.99
19.99
12.99
10.99
9.99
0
19.99
9.99
29.99
11.99
1.99
19.99
7.99
9.99
19.99
9.99
9.9
9.99
12.99
9.99
14.99
39.99
5.99
39.99
19.99
9.99
14.99
19.99
9.99
9.99
10.99
7.99
6.99
19.99
19.99
3.99
4.99
19.99
6.99
17.99
14.99
24.99
39.99
11.99
24.99
3.99
19.99
19.99
19.99
19.99
5.99
12.99
9.99
54.99
2.99
14.99
29.99
22.99
9.99
12.99
15.99
2.99
19.99
14.99
16.99
24.99
10.99
29.99
9.99
13.99
14.99
4.99
11.99
0
4.99
18.99
39.99
6.99
11.99
25.5
2.99
12.99
59.99
14.99
19.99
14.99
14.99
34.99
4.99
6.99
8.99
6.99
9.99
9.99
14.99
9.99
7.99
9.99
3.99
0
14.99
14.99
14.99
14.99
6.99
9.99
4.99
14.99
12.99
7.99
18.99
11.99
24.99
9.99
5.99
9.99
9.99
19.99
3.99
14.99
15.99
24.99
5.99
19.99
14.99
0
19.99
6.99
16.99
9.99
14.99
9.99
9.99
7.99
19.99
13.99
6.99
2.99
11.99
24.99
14.99
0
9.99
8.99
19.99
17.99
4.99
4.99
11.99
14.99
24.99
4.99
9.99
11.99
7.99
9.99
14.99
16.99
7.99
9.99
18.99
14.99
19.99
3.99
0
9.99
7.99
12.99
4.99
18.99
19.99
14.99
34.99
24.99
6.99
14.99
4.99
8.99
29.99
24.99
10.99
19.99
4.99
17.99
0
25
11.99
34.99
19.99
2.99
12.99
6.99
6.99
14.99
24.99
7.99
11.99
29.99
19.99
1.99
4.99
9.99
0
6.99
19.99
19.99
29.99
4.99
11.99
7.99
14.99
19.99
0
19.99
4.99
19.99
12.99
6.99
11.99
7.99
6.99
3.99
8.99
12.99
3.99
14.99
6.99
3.99
14.99
9.99
8.99
19.99
7.99
14.99
8.99
14.99
19.99
19.99
4.99
4.99
0
12.99
12.99
24.99
24.99
14.99
4.99
19.99
6.99
3.99
22.99
14.99
10.99
9.99
16.99
0
17.99
7.99
14.99
15.99
15.99
19.99
4.99
5.99
24.99
7.99
0
11.99
5.99
14.99
9.99
9.99
3.99
19.99
14.99
19.99
5.99
7.99
14.99
24.99
9.99
6.99
11.99
9.99
19.99
20
4.99
19.99
8.99
11.99
9.99
29.99
6.99
15.99
34.99
6.99
14.99
17.99
24.99
18.99
12.99
22.99
9.99
34.99
0
15.99
0
9.99
39.99
29.99
16.99
24.99
8.99
49.99
29.99
19.99
6.99
39.99
19.99
24.99
0
59.99
69.99
19.99
9.99
59.99
19.99
0
34.99
19.99
29.99
16.99
12.99
9.99
0
29.99
0
29.99
29.99
24.99
29.99
19.99
24.99
19.99
29.99
0
9.99
49.99
19.99
29.99
24.99
0
0
19.99
29.99
11.99
14.99
19.99
24.99
19.99
19.99
5.99
7.99
24.99
0
15.99
9.99
24.99
44.99
19.99
24.99
19.99
19.99
24.99
14.99
0
0
19.99
14.99
24.99
39.99
39.99
0
39.99
24.99
49.99
24.99
0
0
11.99
16.99
0
24.99
0
0
0
24.99
19.99
14.99
29.99
10.99
24.99
34.99
19.99
14.99
7.99
19.99
19.99
0
24.99
19.99
24.99
12.99
9.99
13.99
0
24.99
29.99
24.99
6.99
14.99
14.99
59.99
24.99
17.99
24.99
16.99
19.99
49.99
39.99
19.99
29.99
9.99
29.99
0
29.99
39.99
19.99
17.99
17.99
19.99
24.99
11.99
34.99
39.99
14.99
49.99
19.99
29.99
14.99
14.99
10.99
9.99
29.99
29.99
44.99
29.99
8.99
12.99
49.99
19.99
59.99
9.99
14.99
9.99
18.99
14.99
12.99
7.99
24.99
4.99
26.99
9.79
19.99
0
19.99
5.99
3.99
19.99
29.99
14.99
24.99
7.99
12.99
16.99
29.99
14.99
0
29.99
24.99
6.99
16.99
24.99
29.99
24.99
14.99
27.99
0
24.99
19.99
15.99
59.99
59.99
6.99
19.99
19.99
14.99
19.99
9.99
19.99
19.99
4.99
15.99
14.99
19.99
19.99
59.99
19.99
49.99
29.99
49.99
4.99
10.99
19.99
24.99
12.99
10.99
19.99
19.99
24.99
17.99
6.99
39.99
6.99
14.99
14.99
24.99
15.99
19.99
14.99
0
19.99
39.99
14.99
34.99
24.99
14.99
12.99
14.99
11.99
0
29.99
6.99
14.99
7.99
9.99
11.99
24.99
12.99
8.99
13.99
8.99
29.99
29.99
14.99
9.99
0
24.99
24.99
14.99
19.99
14.99
24.99
19.99
19.99
39.99
10.99
9.99
7.99
14.99
10.99
7.99
29.99
14.99
39.99
19.99
24.99
19.99
14.99
19.99
24.99
24.99
19.99
39.99
13.99
9.99
17.76
19.99
19.99
19.99
0
39.99
19.99
0
39.99
19.99
17.99
14.99
7.99
29.99
59.99
18.99
19.99
9.99
19.99
19.99
10.99
12.99
19.99
8.99
19.99
8.99
9.99
29.99
14.99
4.99
14.99
7.99
7.99
49.99
34.99
14.99
29.99
17.99
16.99
11.99
34.99
29.99
17.99
10.99
19.99
14.99
12.99
24.99
5.99
9.99
14.99
59.99
39.99
29.99
29.99
69.99
0
34.99
44.99
34.99
39.99
29.99
59.99
59.99
69.99
29.99
69.99
0
34.99
29.99
39.99
12.99
59.99
23.99
69.99
14.99
19.99
33.32
4.99
39.99
0
39.99
69.99
69.99
0
29.99
59.99
9.99
24.99
34.99
0
69.99
29.99
7.99
39.99
29.99
24.99
0
34.99
59.99
19.99
