71
57
88
76
96
79
81
78
79
95
0
96
91
0
95
42
0
96
68
82
99
88
62
90
98
89
79
78
95
90
91
96
86
79
0
78
97
90
93
66
0
87
95
98
91
78
87
96
50
73
92
80
96
86
90
63
75
0
93
98
0
60
68
90
78
71
85
95
89
75
83
83
0
86
97
83
79
49
91
89
72
88
95
84
88
80
84
97
90
95
53
73
55
75
0
94
0
99
84
76
70
99
77
95
67
81
58
83
0
0
0
72
60
55
83
0
0
61
92
96
72
0
95
81
80
97
90
84
76
70
99
77
11
86
0
97
66
89
83
0
99
95
75
0
97
91
80
63
96
77
85
92
0
68
90
84
95
75
98
72
93
83
0
97
61
51
88
92
89
99
88
93
86
93
82
99
94
90
82
96
79
86
90
98
75
0
95
81
81
0
83
69
70
0
73
70
82
96
75
76
89
82
0
84
82
93
86
85
74
51
0
84
90
80
79
78
77
84
70
92
88
84
95
39
83
90
79
71
97
54
88
84
94
90
83
0
0
81
91
81
98
91
66
43
92
94
95
91
82
69
76
90
0
96
99
33
90
100
86
0
0
81
83
75
85
76
90
89
85
76
71
0
79
0
93
85
69
86
64
0
95
86
85
83
88
86
81
81
94
0
98
83
86
88
93
92
83
94
77
95
74
87
80
93
65
71
94
72
84
93
99
78
93
87
75
88
67
89
93
96
72
91
85
62
85
67
59
90
88
99
71
96
68
75
97
0
83
94
44
90
96
75
66
75
85
69
79
78
90
86
80
91
89
85
76
96
76
90
77
90
81
70
94
97
92
24
90
93
87
78
89
68
83
74
88
94
97
77
80
83
67
98
76
66
73
76
95
88
70
96
76
0
89
74
84
86
91
87
98
89
86
79
66
72
94
92
81
61
94
85
72
98
70
85
93
98
75
87
85
65
55
70
72
90
81
87
31
95
80
71
46
86
0
91
52
96
74
69
80
100
98
97
84
86
83
88
51
77
50
89
68
99
97
89
77
72
89
95
92
40
88
92
60
63
57
72
0
95
80
77
78
74
99
58
78
99
97
84
83
71
85
81
75
76
93
86
82
98
93
75
87
78
72
62
79
96
73
44
82
31
92
96
67
67
88
82
95
93
45
80
57
0
84
88
81
97
97
91
80
0
76
0
62
87
91
81
88
46
96
90
55
93
79
99
15
94
74
83
81
49
77
93
98
94
75
65
84
72
88
96
91
84
60
85
79
56
79
86
99
97
73
55
68
0
88
0
94
42
90
72
98
84
42
74
60
37
80
0
78
49
53
92
82
55
53
94
94
83
79
79
73
97
95
56
63
96
88
59
73
78
85
83
74
69
74
91
79
42
32
99
87
95
96
75
0
87
63
85
83
62
99
82
79
88
92
85
83
95
76
94
74
86
90
95
89
84
78
0
78
99
77
62
86
78
81
74
94
83
66
77
72
89
89
79
90
89
88
87
86
83
98
74
57
80
97
71
82
93
32
90
86
50
72
80
59
97
71
92
45
99
90
98
0
80
82
80
0
75
54
96
92
77
49
83
0
70
99
76
94
84
98
89
75
57
58
95
74
99
81
24
67
86
96
89
97
76
90
92
88
85
70
79
0
92
93
90
92
93
98
77
81
84
83
80
41
37
79
87
91
90
65
93
65
98
90
77
0
80
98
57
92
98
99
61
74
84
65
67
99
77
80
90
84
81
84
77
75
93
79
87
85
89
83
82
80
97
80
96
85
92
70
77
100
99
77
82
82
82
92
90
56
77
88
74
67
64
91
54
91
97
92
48
74
78
87
0
86
74
86
91
75
44
73
97
58
79
83
94
97
87
78
58
93
93
96
0
88
78
81
88
92
78
72
0
95
98
61
82
93
95
92
50
97
86
93
46
92
92
75
85
72
83
79
78
94
87
48
91
93
93
94
83
82
83
38
92
48
90
99
93
62
77
96
85
94
96
74
91
0
89
51
76
72
96
79
97
91
61
85
85
90
81
71
77
81
77
93
75
78
93
66
88
80
65
71
71
63
88
76
87
93
79
47
92
85
84
89
91
51
66
65
0
62
87
69
85
92
84
73
89
77
43
87
63
78
83
81
88
95
95
89
74
97
72
85
68
81
99
87
100
81
91
65
94
85
76
87
69
73
86
97
92
97
84
95
100
90
71
87
90
92
89
54
96
56
92
51
46
91
90
44
95
76
69
64
84
66
50
100
95
94
95
52
85
93
93
100
91
93
99
99
78
84
84
72
82
89
77
67
66
98
92
89
83
75
75
74
79
66
82
58
89
56
93
47
93
82
89
71
91
100
65
93
83
92
86
98
98
90
59
85
67
77
87
84
70
90
69
80
87
51
86
52
100
81
92
87
85
71
94
89
88
71
94
87
84
76
61
80
85
97
96
53
89
90
79
91
95
25
80
86
82
93
84
70
85
51
95
90
98
87
54
78
58
75
79
95
92
94
91
94
0
83
97
97
74
0
66
89
51
0
78
94
76
0
88
86
91
98
97
76
80
90
57
91
64
98
85
93
81
52
0
97
66
81
93
87
86
74
68
74
87
87
77
72
93
98
0
55
24
92
0
77
76
84
0
85
83
97
88
0
68
92
87
94
95
93
96
97
89
74
89
93
86
91
99
91
96
75
63
98
98
74
98
88
92
44
0
83
80
89
85
89
92
91
88
86
82
86
93
0
91
78
90
97
85
94
97
88
83
97
83
96
0
83
98
85
93
33
85
90
96
98
88
75
84
0
0
87
74
97
85
82
85
95
92
61
60
65
78
66
92
82
93
91
60
79
65
86
76
99
72
92
86
85
80
88
98
66
60
97
84
82
80
0
96
69
87
52
0
83
97
96
0
33
95
95
0
80
88
86
84
74
96
91
72
0
91
76
96
0
96
45
0
77
80
82
0
55
92
53
78
86
0
76
52
85
97
78
99
79
70
89
89
0
86
89
84
86
80
80
75
75
88
95
87
73
96
0
93
90
92
89
74
83
78
98
91
89
80
85
73
94
92
81
87
92
82
91
77
95
76
92
79
71
93
90
97
83
97
98
94
83
68
88
93
94
0
72
80
78
0
87
96
97
77
85
79
71
93
0
82
91
99
0
75
78
58
97
62
90
62
95
84
55
85
78
56
82
94
77
81
65
85
70
82
77
0
95
92
65
82
91
79
87
0
82
95
92
87
96
54
76
82
97
92
0
95
91
100
0
94
50
72
0
65
90
86
92
0
84
90
85
84
68
81
86
0
73
89
96
71
94
86
0
55
86
89
0
88
87
92
90
71
0
95
72
67
97
94
94
91
97
91
97
92
74
89
0
79
82
63
47
0
64
73
86
96
86
48
72
0
95
93
82
73
74
88
81
82
